0
143
0 0
2 4
4 6
6 8
8 10
12 12
14 14
16 16
18 18
20 20
22 22
24 24
26 26
28 30
30 32
32 34
34 36
36 38
38 40
42 42
44 44
46 46
48 48
50 50
52 52
54 61
56 62
58 65
60 69
62 72
64 74
66 78
68 80
70 82
72 84
74 86
76 88
78 90
80 92
82 94
84 96
86 98
88 100
90 102
92 106
94 108
120 110
122 112
124 114
126 130
128 159
130 170
132 182
134 195
138 210
140 215
142 220
144 224
146 232
148 238
150 240
152 242
154 244
156 248
158 250
160 252
162 262
164 274
166 280
168 282
170 284
172 286
174 289
176 292
178 294
180 295
182 298
186 300
188 302
190 306
192 308
194 310
196 312
198 314
200 316
202 318
206 320
208 322
210 324
212 329
214 336
216 346
218 350
220 352
222 354
224 364
226 368
228 399
230 404
232 410
234 421
236 425
238 431
240 438
244 472
246 476
248 480
250 482
252 484
254 486
256 488
258 490
260 492
262 494
264 496
266 498
268 500
270 502
272 504
274 506
276 508
278 510
280 512
282 514
284 516
286 518
288 520
290 521
292 534
294 536
296 538
298 540
300 542
302 568
304 582
306 620
308 650
310 661
312 858
314 867
316 899
318 934
320 938
