0
137
0 0
2 4
4 6
6 8
8 10
12 12
14 14
16 16
18 18
20 20
22 22
24 24
26 26
28 30
30 32
32 34
34 36
36 38
38 40
42 42
44 44
46 46
48 48
50 50
52 52
54 61
56 62
58 65
60 68
62 70
64 72
76 74
80 75
82 77
86 79
88 81
90 83
92 85
94 87
120 89
122 91
124 93
126 108
128 136
130 146
132 157
134 169
136 185
138 187
140 191
142 195
144 197
146 201
148 203
150 205
152 207
154 209
156 211
158 213
160 215
162 224
164 236
166 242
168 244
170 246
172 248
174 251
176 254
178 256
180 257
182 260
186 262
188 263
190 268
192 270
194 272
196 274
198 276
200 278
202 280
206 282
208 284
210 286
212 291
214 298
216 308
218 312
220 314
222 316
224 326
226 330
228 362
230 367
232 373
234 384
236 388
238 394
240 401
244 435
246 439
248 443
250 445
252 447
254 449
256 451
258 453
260 455
262 457
264 459
266 461
268 463
270 465
272 467
274 469
276 471
278 473
280 475
282 477
284 479
286 481
288 483
290 484
292 497
294 499
296 501
298 503
300 505
302 532
304 546
306 584
308 614
310 625
312 822
314 831
316 862
318 897
320 901
